$ANSIBLE_VAULT;1.1;AES256
39376132613364383237353137326462323634353463663838666463656238383433333738303261
3137353964656433346361323738653734303762346532630a386335626363633037613833656535
65326464376539336336366566393539303761623065336637343631376637663863313666306137
6364663632613463660a326165383462633065653138356562666530316135303239366164316166
62316334633062363564393236613539616565336666383836383066343939353134336166353337
66633737313037396338613435393139303364386664626435333639393534393839636238656437
35336239383762663336333039353565393730353066663131373730633565643166306464636431
34626433333233336436393434613635633163376233313730306464633861303232616533613538
34653539343635623066363462633237376437316561383765646238306161343362343633373966
32383833633036356532353234636162313036663032393034653030313539623835323263303962
64323962323336613430633331396631323461666132363136363635353235363437336338393062
32663665363038393962343232333164663233316562613464353532343266653264343733333837
62333630303737656536356365623961616138343566353236313436643533306634653866613733
63333937396261326332396437626665613030316263613639626230653962346339663766623431
39636332366238666630653635393038363166666430323361313031313138626263373231626532
36303139356563613038376638383163313733303633636566326566653330633538323066313436
35363265376430626562616436303236616434666637343761346238343337313333633637663934
33626637363832653964613766326632396436616432363135373434316330633861353563646364
38346635643130323861633630313166623039356562653737306663616662376564373766376630
32636630663163333135313562376336333335663134636637383139653831353833336632653736
33363363636431323238366133383864353831663537623536383665393062653338336562386531
31613537663932366430616236353565666434396462326430396262336431343761363334666562
66353535636363646432313538353235343562303966393964376230656633666633366262643762
39346239316361396563623530353330643662373761356661353230653031343361653438653932
34333738393261633861323635353265616138623530366539666139336333393533383634363961
36633930396536386139636230616237346363306164313031346437653039356230343037366238
38643531316461306664653532383037393566653134393333306534346532353263393336643265
39333561303837393131636366356464383166383635306336393933663234393230323735663636
39363932356232393030356435303264396138653464323263613964353134386162376438366561
31336536646331383436363930376437666538616362326465396536626434306232346139353839
61613733353739636237663638393336633435366631306535656637396162386662626531306432
66633464653766373730336139383666376333326435623537326435303139653166353730643065
3038
