$ANSIBLE_VAULT;1.1;AES256
35613961633762633665666465366333393938316334663932353132356162323764383661343738
3665626362636434323563653130356234326631366135610a616164623061663234623033383066
65366538353166666237646666653230643333613531386630393738306336323461643939316534
6434366533666237370a616537363266656135393964623565626432333632626637646566313832
38326235623462653463633039636235323961326633623135643361396662363764353931353435
33373764353134653062396136636236623936333132313738333063356634626439373336653937
30343431643539613462316635333439313534363461633661363366613836306437333763666636
33323362613063373938666639353230326565343866663364303336343039316461343666333232
34613535346431636263343434363232313037616435386661626664653432633862626134666235
39643233353137326561343631323938653161343061303863393961643437616261366466393039
33373537326133613837366137666635626137383937333734653232323530383662363366633139
32626539623238663737343831636539316166656562343736323630346437616231636264323730
36656536653261663839303637336665376562623466633562366233303738313565356630393965
65303332663232396438386535343133343761313839383234353330613339656334653564373636
38306161356565626432636436316632333534396536336135366337666536663034633134626461
32396232633133306339336535303831626338343431326133343237353765386634396665623938
37666435623534303330313262633462306462333032613431386635306461346462
